locus	A	T	C	G	N
1	0	0	0	107418	0
2	107418	0	0	0	0
3	0	0	107418	0	0
4	0	0	107418	0	0
5	0	107418	0	0	0
6	0	107418	0	0	0
7	162	1775	105286	195	0
8	192	740	106268	218	0
9	145	1439	105711	123	0
10	164	6748	100292	214	0
11	146	11877	95185	210	0
12	471	48135	57883	929	0
13	1417	57522	36256	12223	0
14	664	49863	47008	9883	0
15	147	29396	76239	1636	0
16	107164	94	45	115	0
17	14	107255	20	129	0
18	25	203	28	107162	0
19	13	107285	13	107	0
20	57	107008	32	321	0
21	143	2423	104530	322	0
22	58	598	106697	65	0
23	93	162	20	107143	0
24	107176	77	41	124	0
25	54	181	25	107158	0
26	106986	188	72	172	0
27	6	107237	10	165	0
28	53	128	107181	56	0
29	38	179	14	107187	0
30	28	61	13	107316	0
31	0	107418	0	0	0
32	0	107418	0	0	0
33	0	107418	0	0	0
34	0	107418	0	0	0
35	0	0	0	107418	0
36	0	0	0	107418	0
locus	A	T	C	G	N
1	0	0	0	107418	0
2	107418	0	0	0	0
3	0	0	107418	0	0
4	0	0	107418	0	0
5	0	107418	0	0	0
6	0	107418	0	0	0
7	162	1775	105286	195	0
8	192	740	106268	218	0
9	145	1439	105711	123	0
10	164	6748	100292	214	0
11	146	11877	95185	210	0
12	471	48135	57883	929	0
13	1417	57522	36256	12223	0
14	664	49863	47008	9883	0
15	147	29396	76239	1636	0
16	107164	94	45	115	0
17	14	107255	20	129	0
18	25	203	28	107162	0
19	13	107285	13	107	0
20	57	107008	32	321	0
21	143	2423	104530	322	0
22	58	598	106697	65	0
23	93	162	20	107143	0
24	107176	77	41	124	0
25	54	181	25	107158	0
26	106986	188	72	172	0
27	6	107237	10	165	0
28	53	128	107181	56	0
29	38	179	14	107187	0
30	28	61	13	107316	0
31	0	107418	0	0	0
32	0	107418	0	0	0
33	0	107418	0	0	0
34	0	107418	0	0	0
35	0	0	0	107418	0
36	0	0	0	107418	0
