locus	A	T	C	G	N
1	0	0	0	103285	0
2	103285	0	0	0	0
3	0	0	103285	0	0
4	0	0	103285	0	0
5	0	103285	0	0	0
6	0	103285	0	0	0
7	352	1613	101236	84	0
8	702	885	101590	108	0
9	513	1647	101040	85	0
10	460	6638	96076	111	0
11	388	11562	91218	117	0
12	575	46105	55793	812	0
13	1420	55094	35157	11614	0
14	722	47728	45444	9391	0
15	299	28319	73153	1514	0
16	102675	102	470	38	0
17	48	102956	187	94	0
18	38	200	192	102855	0
19	23	103140	92	30	0
20	26	103070	143	46	0
21	427	2652	99950	256	0
22	382	1048	101726	129	0
23	101	238	181	102765	0
24	101677	289	1183	136	0
25	87	194	220	102784	0
26	101056	451	1423	355	0
27	200	102010	632	443	0
28	592	494	101935	264	0
29	54	140	117	102974	0
30	81	215	168	102821	0
31	0	103285	0	0	0
32	0	103285	0	0	0
33	0	103285	0	0	0
34	0	103285	0	0	0
35	0	0	0	103285	0
36	0	0	0	103285	0
locus	A	T	C	G	N
1	0	0	0	103285	0
2	103285	0	0	0	0
3	0	0	103285	0	0
4	0	0	103285	0	0
5	0	103285	0	0	0
6	0	103285	0	0	0
7	352	1613	101236	84	0
8	702	885	101590	108	0
9	513	1647	101040	85	0
10	460	6638	96076	111	0
11	388	11562	91218	117	0
12	575	46105	55793	812	0
13	1420	55094	35157	11614	0
14	722	47728	45444	9391	0
15	299	28319	73153	1514	0
16	102675	102	470	38	0
17	48	102956	187	94	0
18	38	200	192	102855	0
19	23	103140	92	30	0
20	26	103070	143	46	0
21	427	2652	99950	256	0
22	382	1048	101726	129	0
23	101	238	181	102765	0
24	101677	289	1183	136	0
25	87	194	220	102784	0
26	101056	451	1423	355	0
27	200	102010	632	443	0
28	592	494	101935	264	0
29	54	140	117	102974	0
30	81	215	168	102821	0
31	0	103285	0	0	0
32	0	103285	0	0	0
33	0	103285	0	0	0
34	0	103285	0	0	0
35	0	0	0	103285	0
36	0	0	0	103285	0
